./main
437921
200753
177880
157466
145486
135378
130424
128288
127734
128973
130689
132736
131470
130607
129831
126827
123781
118897
112127
101390
90747
77517
65352
52952
41862
30941
21730
14338
8679
5073
2713
1403
634
303
nn descent better scan-rate: -0.061474
Brute force time 00050000-1.bin with k=10:48.305096
Recall:0.693278
1015718
417114
339051
293856
267294
247280
235984
228400
224104
223597
226867
229548
230856
228512
223899
219438
210216
203615
193843
181016
169315
157436
142606
126599
110169
95314
79805
65170
52079
39922
29694
21141
14447
9379
5897
3312
1649
828
nn descent better scan-rate: -0.156431
Brute force time 00050000-1.bin with k=20:110.297759
Recall:0.852840
3532455
1215005
946558
800954
712789
662193
636000
627521
632330
638148
621005
594300
547573
494538
440225
391499
348997
308718
265365
223803
184129
148853
119393
95269
76025
61538
49141
39677
31886
24945
19077
14006
10153
6662
3990
2136
nn descent better scan-rate: -0.620821
Brute force time 00050000-1.bin with k=50:413.736230
Recall:0.949713
9312744
2819324
2204194
1879403
1730540
1675219
1615035
1462523
1200612
939227
739503
609574
488560
387082
300544
234550
186933
151796
121827
96189
71850
51911
36708
24548
16084
10339
6561
3736
nn descent better scan-rate: -1.921868
Brute force time 00050000-1.bin with k=100:1278.642725
Recall:0.986488
